#
#
#  Percent Identity  Matrix - created by Clustal2.1 
#
#

     1: L.acetotolerans          100.00   90.35   91.73   87.43   86.87   90.41   86.37   86.39   90.60   90.21   87.43   86.08   86.31   85.71   86.71   85.45
     2: L.acidophilus-johnsonii   90.35  100.00   89.87   84.64   87.51   90.28   86.72   87.43   98.74   89.15   87.74   86.86   87.56   84.83   86.75   86.83
     3: L.amylovorus              91.73   89.87  100.00   85.62   85.81   90.52   86.28   85.02   90.19   90.66   85.20   87.09   84.50   84.71   85.11   83.63
     4: L.bifermentans            87.43   84.64   85.62  100.00   90.04   86.29   87.72   87.96   86.27   86.33   88.87   86.23   90.47   87.80   87.29   87.09
     5: L.curvatus                86.87   87.51   85.81   90.04  100.00   87.10   87.70   89.62   87.11   87.66   89.44   89.98   91.99   88.59   89.17   87.62
     6: L.delbrueckii             90.41   90.28   90.52   86.29   87.10  100.00   86.75   86.04   90.33   98.35   85.69   86.75   86.30   85.77   86.17   85.10
     7: L.fermentum               86.37   86.72   86.28   87.72   87.70   86.75  100.00   88.93   87.89   87.68   87.55   89.73   90.13   88.13   87.63   87.93
     8: L.fructivorans            86.39   87.43   85.02   87.96   89.62   86.04   88.93  100.00   87.30   85.97   90.46   89.06   90.58   89.10   88.96   92.17
     9: L.gasseri                 90.60   98.74   90.19   86.27   87.11   90.33   87.89   87.30  100.00   90.34   87.73   86.50   88.10   85.88   86.69   86.50
    10: L.lactis                  90.21   89.15   90.66   86.33   87.66   98.35   87.68   85.97   90.34  100.00   85.35   86.25   87.05   86.54   86.31   85.37
    11: L.mali                    87.43   87.74   85.20   88.87   89.44   85.69   87.55   90.46   87.73   85.35  100.00   87.77   90.65   92.27   92.74   89.61
    12: L.oris                    86.08   86.86   87.09   86.23   89.98   86.75   89.73   89.06   86.50   86.25   87.77  100.00   87.67   86.97   87.37   87.28
    13: L.plantarum               86.31   87.56   84.50   90.47   91.99   86.30   90.13   90.58   88.10   87.05   90.65   87.67  100.00   90.60   89.39   89.97
    14: L.ruminus                 85.71   84.83   84.71   87.80   88.59   85.77   88.13   89.10   85.88   86.54   92.27   86.97   90.60  100.00   92.52   87.82
    15: L.salivarius              86.71   86.75   85.11   87.29   89.17   86.17   87.63   88.96   86.69   86.31   92.74   87.37   89.39   92.52  100.00   88.02
    16: L.sanfrancisco            85.45   86.83   83.63   87.09   87.62   85.10   87.93   92.17   86.50   85.37   89.61   87.28   89.97   87.82   88.02  100.00
