#
#
#  Percent Identity  Matrix - created by Clustal2.1 
#
#

     1: L.acetotolerans          100.00   90.58   94.17   88.79   90.13   94.62   88.79   88.34   91.03   95.07   87.00   90.13   89.69   88.79   88.34   87.44
     2: L.acidophilus-johnsonii   90.58  100.00   90.58   90.13   92.38   91.93   92.38   89.69   99.10   92.38   87.89   91.93   91.93   88.79   89.24   90.58
     3: L.amylovorus              94.17   90.58  100.00   87.44   88.79   93.72   88.34   87.00   91.03   94.17   86.55   89.69   88.34   87.44   87.00   87.00
     4: L.bifermentans            88.79   90.13   87.44  100.00   95.07   88.79   90.58   92.83   90.58   88.79   89.24   92.83   95.07   90.58   90.13   91.03
     5: L.curvatus                90.13   92.38   88.79   95.07  100.00   91.48   92.83   95.07   92.83   91.93   91.48   95.96   99.10   93.72   93.27   94.17
     6: L.delbrueckii             94.62   91.93   93.72   88.79   91.48  100.00   90.13   88.79   92.38   99.10   87.44   91.03   91.03   89.24   89.24   88.79
     7: L.fermentum               88.79   92.38   88.34   90.58   92.83   90.13  100.00   91.48   92.83   90.13   88.34   92.83   92.83   90.58   91.03   91.93
     8: L.fructivorans            88.34   89.69   87.00   92.83   95.07   88.79   91.48  100.00   90.58   88.79   89.24   91.93   95.07   92.38   92.83   92.38
     9: L.gasseri                 91.03   99.10   91.03   90.58   92.83   92.38   92.83   90.58  100.00   92.83   87.89   92.38   92.38   89.24   89.69   91.03
    10: L.lactis                  95.07   92.38   94.17   88.79   91.93   99.10   90.13   88.79   92.83  100.00   87.44   91.03   91.48   89.24   89.24   88.79
    11: L.mali                    87.00   87.89   86.55   89.24   91.48   87.44   88.34   89.24   87.89   87.44  100.00   89.24   92.38   96.86   96.41   90.13
    12: L.oris                    90.13   91.93   89.69   92.83   95.96   91.03   92.83   91.93   92.38   91.03   89.24  100.00   95.07   91.48   91.03   91.03
    13: L.plantarum               89.69   91.93   88.34   95.07   99.10   91.03   92.83   95.07   92.38   91.48   92.38   95.07  100.00   93.72   93.27   93.72
    14: L.ruminus                 88.79   88.79   87.44   90.58   93.72   89.24   90.58   92.38   89.24   89.24   96.86   91.48   93.72  100.00   99.55   91.48
    15: L.salivarius              88.34   89.24   87.00   90.13   93.27   89.24   91.03   92.83   89.69   89.24   96.41   91.03   93.27   99.55  100.00   91.93
    16: L.sanfrancisco            87.44   90.58   87.00   91.03   94.17   88.79   91.93   92.38   91.03   88.79   90.13   91.03   93.72   91.48   91.93  100.00
